Track 1
Fpeaks	305.3	263.3	364.8	253.6	260.0	201.5	379.8	218.6	
Fscale	62		60		65		59		59		55		66		56		
DelFscale	-2		5		-6		0		-4		11		-10		
Fnotes	2		0		5		11		11		7		6		8		
notes	11		0		2		5		6		7		8		1		3		4		9		10		
quant	2		1		1		1		1		1		1		0		0		0		0		0		
Track 2
Fpeaks	727.6	582.3	592.2	580.2	632.5	596.5	602.8	435.6	605.2	421.7	479.2	400.9	464.4	270.3	
Fscale	77		73		74		73		75		74		74		68		74		68		70		67		69		60		
DelFscale	-4		1		-1		2		-1		0		-6		6		-6		2		-3		2		-9		
Fnotes	5		1		2		1		3		2		2		8		2		8		10		7		9		0		
notes	2		1		8		0		3		5		7		9		10		4		6		11		
quant	4		2		2		1		1		1		1		1		1		0		0		0		
Track 3
Fpeaks	176.0	181.3	165.6	297.5	280.4	332.1	309.9	341.9	266.5	318.1	204.7	
Fscale	53		53		52		62		61		64		62		64		60		63		55		
DelFscale	0		-1		10		-1		3		-2		2		-4		3		-8		
Fnotes	5		5		4		2		1		4		2		4		0		3		7		7		9		0		
notes	4		0		2		5		7		1		3		9		6		8		10		11		
quant	3		2		2		2		2		1		1		1		0		0		0		0		
Track 4
Fpeaks	72.7	701.0	535.4	629.0	624.8	705.9	681.8	695.8	675.6	715.0	497.5	528.6	473.3	569.5	166.7	
Fscale	37		77		72		75		75		77		76		76		76		77		71		72		70		73		52		
DelFscale	40		-5		3		0		2		-1		0		0		1		-6		1		-2		3		-21		
Fnotes	1		5		0		3		3		5		4		4		4		5		11		0		10		1		4		
notes	4		5		0		1		3		10		11		2		6		7		8		9		
quant	4		3		2		2		2		1		1		0		0		0		0		0		
Track 5
Fpeaks	60.5	417.1	392.9	453.6	414.6	431.6	293.4	346.1	312.3	333.3	315.5	335.5	315.3	354.0	198.3	
Fscale	34		68		67		69		67		68		62		64		63		64		63		64		63		65		55		
DelFscale	34		-1		2		-2		1		-6		2		-1		1		-1		1		-1		2		-10		
Fnotes	10		8		7		9		7		8		2		4		3		4		3		4		3		5		7		
notes	3		4		7		8		2		5		9		10		0		1		6		11		
quant	3		3		3		2		1		1		1		1		0		0		0		0		
Track 6
Fpeaks	126.5	555.4	417.1	461.2	436.3	459.2	385.0	429.2	330.4	399.7	341.6	410.7	165.1	
Fscale	47		73		68		69		68		69		66		68		64		67		64		67		52		
DelFscale	26		-5		1		-1		1		-3		2		-4		3		-3		3		-15		
Fnotes	11		1		8		9		8		9		6		8		4		7		4		7		4		5		7		
notes	4		7		8		9		1		5		6		11		0		2		3		10		
quant	3		3		3		2		1		1		1		1		0		0		0		0		
Track 7
Fpeaks	332.1	586.4	315.7	330.7	295.1	522.1	511.1	552.2	418.4	
Fscale	64		73		63		64		62		71		71		72		68		
DelFscale	9		-10		1		-2		9		0		1		-4		
Fnotes	4		1		3		4		2		11		11		0		8		7		4		7		4		5		7		
notes	4		7		11		0		1		2		3		5		8		6		9		10		
quant	4		3		2		1		1		1		1		1		1		0		0		0		
Track 8
Fpeaks	149.6	211.3	197.8	215.9	207.8	221.1	215.7	227.4	213.5	262.9	211.1	361.9	197.5	
Fscale	50		56		55		56		56		57		56		57		56		60		56		65		55		
DelFscale	6		-1		1		0		1		-1		1		-1		4		-4		9		-10		
Fnotes	2		8		7		8		8		9		8		9		8		0		8		5		7		5		7		
notes	8		7		5		9		0		2		1		3		4		6		10		11		
quant	6		3		2		2		1		1		0		0		0		0		0		0		
Track 9
Fpeaks	176.8	251.3	242.0	274.3	241.2	241.9	175.5	272.6	229.6	
Fscale	53		59		58		60		58		58		53		60		57		
DelFscale	6		-1		2		-2		0		-5		7		-3		
Fnotes	5		11		10		0		10		10		5		0		9		0		8		5		7		5		7		
notes	5		0		10		7		8		9		11		1		2		3		4		6		
quant	4		3		3		2		1		1		1		0		0		0		0		0		
Track 10
Fpeaks	329.4	321.6	349.0	241.3	487.2	282.0	444.1	290.7	342.6	303.9	346.6	271.0	311.3	
Fscale	64		63		65		58		70		61		69		61		64		62		64		60		63		
DelFscale	-1		2		-7		12		-9		8		-8		3		-2		2		-4		3		
Fnotes	4		3		5		10		10		1		9		1		4		2		4		0		3		5		7		
notes	4		1		3		5		10		0		2		7		9		6		8		11		
quant	3		2		2		2		2		1		1		1		1		0		0		0		
Track 11
Fpeaks	261.0	330.5	258.3	287.9	284.2	366.9	247.4	304.1	185.9	471.9	333.0	
Fscale	59		64		59		61		61		65		59		62		54		70		64		
DelFscale	5		-5		2		0		4		-6		3		-8		16		-6		
Fnotes	11		4		11		1		1		5		11		2		6		10		4		0		3		5		7		
notes	11		1		4		5		0		2		3		6		7		10		8		9		
quant	3		2		2		2		1		1		1		1		1		1		0		0		
Track 12
Fpeaks	217.2	300.7	298.1	335.6	260.9	323.7	294.1	302.4	282.5	285.9	278.0	316.8	218.7	254.8	225.0	
Fscale	56		62		62		64		59		63		62		62		61		61		61		63		56		59		57		
DelFscale	6		0		2		-5		4		-1		0		-1		0		0		2		-7		3		-2		
Fnotes	8		2		2		4		11		3		2		2		1		1		1		3		8		11		9		
notes	2		1		3		8		11		4		9		0		5		6		7		10		
quant	4		3		2		2		2		1		1		0		0		0		0		0		
Track 13
Fpeaks	381.6	318.7	328.1	303.2	350.4	334.8	336.5	317.7	322.3	252.3	336.1	268.4	
Fscale	66		63		63		62		65		64		64		63		63		59		64		60		
DelFscale	-3		0		-1		3		-1		0		-1		0		-4		5		-4		
Fnotes	6		3		3		2		5		4		4		3		3		11		4		0		8		11		9		
notes	3		4		11		0		2		5		6		8		9		1		7		10		
quant	4		3		2		1		1		1		1		1		1		0		0		0		
Track 14
Fpeaks	380.7	341.8	346.0	203.6	332.1	251.0	344.1	178.6	321.3	221.6	
Fscale	66		64		64		55		64		59		64		53		63		57		
DelFscale	-2		0		-9		9		-5		5		-11		10		-6		
Fnotes	6		4		4		7		4		11		4		5		3		9		4		0		8		11		9		
notes	4		9		11		0		3		5		6		7		8		1		2		10		
quant	5		2		2		1		1		1		1		1		1		0		0		0		
Track 15
Fpeaks	364.0	323.1	326.6	303.8	332.1	317.0	332.4	285.3	330.2	317.1	330.2	325.3	362.4	238.5	238.7	
Fscale	65		63		63		62		64		63		64		61		64		63		64		63		65		58		58		
DelFscale	-2		0		-1		2		-1		1		-3		3		-1		1		-1		2		-7		0		
Fnotes	5		3		3		2		4		3		4		1		4		3		4		3		5		10		10		
notes	3		4		5		10		1		2		0		6		7		8		9		11		
quant	5		4		2		2		1		1		0		0		0		0		0		0		
Track 16
Fpeaks	431.6	359.5	541.0	258.6	348.9	323.9	339.0	300.8	323.9	130.7	
Fscale	68		65		72		59		64		63		64		62		63		48		
DelFscale	-3		7		-13		5		-1		1		-2		1		-15		
Fnotes	8		5		0		11		4		3		4		2		3		0		4		3		5		10		10		
notes	3		4		0		5		10		2		8		11		1		6		7		9		
quant	3		3		2		2		2		1		1		1		0		0		0		0		
Track 17
Fpeaks	235.3	202.6	370.1	213.9	275.8	228.2	243.2	160.4	171.8	147.7	175.4	
Fscale	58		55		66		56		60		57		58		51		52		50		53		
DelFscale	-3		11		-10		4		-3		1		-7		1		-2		3		
Fnotes	10		7		6		8		0		9		10		3		4		2		5		3		5		10		10		
notes	10		3		5		0		2		4		6		7		8		9		1		11		
quant	4		2		2		1		1		1		1		1		1		1		0		0		
Track 18
Fpeaks	169.4	313.5	234.1	308.3	285.3	327.9	292.6	300.3	241.6	276.3	204.5	313.1	206.2	
Fscale	52		63		58		62		61		63		61		62		58		60		55		63		55		
DelFscale	11		-5		4		-1		2		-2		1		-4		2		-5		8		-8		
Fnotes	4		3		10		2		1		3		1		2		10		0		7		3		7		10		10		
notes	10		3		1		2		7		0		4		5		6		8		9		11		
quant	4		3		2		2		2		1		1		0		0		0		0		0		
