Track 1
Fpeaks	128.3	193.6	142.9	376.1	359.4	371.4	360.2	380.1	137.9	278.6	142.6	
Fscale	47		54		49		66		65		66		65		66		48		61		49		
DelFscale	7		-5		17		-1		1		-1		1		-18		13		-12		
Fnotes	11		6		1		6		5		6		5		6		0		1		1		
notes	6		1		5		0		11		2		3		4		7		8		9		10		
quant	4		3		2		1		1		0		0		0		0		0		0		0		
Track 2
Fpeaks	109.6	222.3	199.3	233.8	180.9	184.7	171.8	176.4	176.0	210.0	153.1	167.4	148.2	180.2	115.1	
Fscale	45		57		55		58		53		54		52		53		53		56		50		52		50		53		45		
DelFscale	12		-2		3		-5		1		-2		1		0		3		-6		2		-2		3		-8		
Fnotes	9		9		7		10		5		6		4		5		5		8		2		4		2		5		9		
notes	5		9		2		4		6		7		8		10		0		1		3		11		
quant	4		3		2		2		1		1		1		1		0		0		0		0		
Track 3
Fpeaks	186.1	161.9	167.9	150.0	194.6	152.1	163.0	85.7	143.4	85.5	97.2	73.3	108.4	
Fscale	54		51		52		50		54		50		51		40		49		40		43		38		44		
DelFscale	-3		1		-2		4		-4		1		-11		9		-9		3		-5		6		
Fnotes	6		3		4		2		6		2		3		4		1		4		7		2		8		5		9		
notes	2		4		3		6		1		5		7		8		9		0		10		11		
quant	3		3		2		2		1		1		1		1		1		0		0		0		
Track 4
Fpeaks	223.5	371.1	319.5	353.9	331.0	351.4	331.1	444.3	424.1	445.9	439.4	481.4	438.6	534.1	276.1	
Fscale	57		66		63		65		64		65		64		69		68		69		69		70		68		72		60		
DelFscale	9		-3		2		-1		1		-1		5		-1		1		0		1		-2		4		-12		
Fnotes	9		6		3		5		4		5		4		9		8		9		9		10		8		0		0		
notes	9		0		4		5		8		3		6		10		1		2		7		11		
quant	4		2		2		2		2		1		1		1		0		0		0		0		
Track 5
Fpeaks	193.0	173.4	231.8	194.8	236.1	226.4	303.3	267.2	269.3	257.1	285.2	165.9	
Fscale	54		52		57		54		58		57		62		60		60		59		61		52		
DelFscale	-2		5		-3		4		-1		5		-2		0		-1		2		-9		
Fnotes	6		4		9		6		10		9		2		0		0		11		1		4		8		0		0		
notes	0		4		6		9		1		2		8		10		11		3		5		7		
quant	4		2		2		2		1		1		1		1		1		0		0		0		
Track 6
Fpeaks	219.7	193.9	267.1	187.9	191.6	190.6	222.0	171.3	274.5	116.2	247.7	118.9	
Fscale	57		54		60		54		54		54		57		52		60		46		59		46		
DelFscale	-3		6		-6		0		0		3		-5		8		-14		13		-13		
Fnotes	9		6		0		6		6		6		9		4		0		10		11		10		8		0		0		
notes	0		6		9		10		4		8		11		1		2		3		5		7		
quant	4		4		2		2		1		1		1		0		0		0		0		0		
Track 7
Fpeaks	223.1	179.8	198.8	178.0	196.9	154.8	202.7	149.8	154.8	
Fscale	57		53		55		53		55		50		55		50		50		
DelFscale	-4		2		-2		2		-5		5		-5		0		
Fnotes	9		5		7		5		7		2		7		2		2		10		11		10		8		0		0		
notes	2		7		0		5		10		8		9		11		1		3		4		6		
quant	3		3		2		2		2		1		1		1		0		0		0		0		
Track 8
Fpeaks	137.4	535.8	470.0	488.0	197.0	411.5	380.8	394.2	378.0	393.9	366.4	416.7	237.7	
Fscale	48		72		70		70		55		67		66		67		66		67		65		68		58		
DelFscale	24		-2		0		-15		12		-1		1		-1		1		-2		3		-10		
Fnotes	0		0		10		10		7		7		6		7		6		7		5		8		10		0		0		
notes	0		7		10		6		5		8		1		2		3		4		9		11		
quant	4		4		3		2		1		1		0		0		0		0		0		0		
Track 9
Fpeaks	474.0	364.1	533.2	326.2	381.4	282.6	517.8	419.3	423.9	215.0	221.5	
Fscale	70		65		72		63		66		61		71		68		68		56		57		
DelFscale	-5		7		-9		3		-5		10		-3		0		-12		1		
Fnotes	10		5		0		3		6		1		11		8		8		8		9		8		10		0		0		
notes	8		0		10		1		3		5		6		9		11		2		4		7		
quant	4		3		2		1		1		1		1		1		1		0		0		0		
Track 10
Fpeaks	246.5	231.4	237.2	180.4	239.7	183.9	196.0	192.0	276.0	112.6	215.6	189.8	
Fscale	59		57		58		53		58		53		55		54		60		45		56		54		
DelFscale	-2		1		-5		5		-5		2		-1		6		-15		11		-2		
Fnotes	11		9		10		5		10		5		7		6		0		9		8		6		10		0		0		
notes	0		10		5		6		9		7		8		11		1		2		3		4		
quant	3		3		2		2		2		1		1		1		0		0		0		0		
Track 11
Fpeaks	326.5	240.4	301.3	245.5	269.2	211.2	272.0	183.1	221.9	158.6	166.8	
Fscale	63		58		62		58		60		56		60		53		57		51		52		
DelFscale	-5		4		-4		2		-4		4		-7		4		-6		1		
Fnotes	3		10		2		10		0		8		0		5		9		3		4		6		10		0		0		
notes	0		10		3		2		4		5		6		8		9		1		7		11		
quant	4		3		2		1		1		1		1		1		1		0		0		0		
Track 12
Fpeaks	355.8	457.5	311.9	333.8	235.5	390.9	270.4	493.4	430.1	458.8	361.5	
Fscale	65		69		63		64		58		66		60		71		68		69		65		
DelFscale	4		-6		1		-6		8		-6		11		-3		1		-4		
Fnotes	5		9		3		4		10		6		0		11		8		9		5		6		10		0		0		
notes	0		5		6		9		10		3		4		8		11		1		2		7		
quant	3		2		2		2		2		1		1		1		1		0		0		0		
Track 13
Fpeaks	341.4	284.4	368.8	189.4	238.1	208.3	290.5	242.2	245.5	210.9	276.1	217.1	249.3	
Fscale	64		61		65		54		58		56		61		58		58		56		60		56		59		
DelFscale	-3		4		-11		4		-2		5		-3		0		-2		4		-4		3		
Fnotes	4		1		5		6		10		8		1		10		10		8		0		8		11		0		0		
notes	0		8		10		1		4		5		6		11		2		3		7		9		
quant	3		3		3		2		1		1		1		1		0		0		0		0		
Track 14
Fpeaks	456.6	309.2	336.2	301.7	376.5	303.7	307.1	256.7	355.3	310.2	320.9	198.6	203.0	
Fscale	69		62		64		62		66		62		62		59		65		62		63		55		55		
DelFscale	-7		2		-2		4		-4		0		-3		6		-3		1		-8		0		
Fnotes	9		2		4		2		6		2		2		11		5		2		3		7		7		0		0		
notes	2		0		7		3		4		5		6		9		11		1		8		10		
quant	5		2		2		1		1		1		1		1		1		0		0		0		
Track 15
Fpeaks	395.5	264.2	305.0	245.7	267.0	228.3	284.2	235.6	381.9	179.3	208.1	
Fscale	67		60		62		58		60		57		61		58		66		53		56		
DelFscale	-7		2		-4		2		-3		4		-3		8		-13		3		
Fnotes	7		0		2		10		0		9		1		10		6		5		8		7		7		0		0		
notes	0		7		10		1		2		5		6		8		9		3		4		11		
quant	4		3		2		1		1		1		1		1		1		0		0		0		
Track 16
Fpeaks	222.4	481.1	287.9	450.4	228.4	281.7	252.6	266.9	193.1	289.5	232.3	
Fscale	57		70		61		69		57		61		59		60		54		61		57		
DelFscale	13		-9		8		-12		4		-2		1		-6		7		-4		
Fnotes	9		10		1		9		9		1		11		0		6		1		9		7		7		0		0		
notes	9		0		1		7		6		10		11		2		3		4		5		8		
quant	4		3		3		2		1		1		1		0		0		0		0		0		
Track 17
Fpeaks	327.0	272.4	292.6	218.0	232.5	155.2	244.0	190.8	245.1	192.4	215.9	147.6	169.1	
Fscale	63		60		61		56		57		51		58		54		58		54		56		50		52		
DelFscale	-3		1		-5		1		-6		7		-4		4		-4		2		-6		2		
Fnotes	3		0		1		8		9		3		10		6		10		6		8		2		4		0		0		
notes	0		3		6		8		10		1		2		4		9		5		7		11		
quant	3		2		2		2		2		1		1		1		1		0		0		0		
Track 18
Fpeaks	300.5	248.0	274.8	217.7	260.2	245.3	248.3	222.0	251.5	200.8	221.7	192.3	291.4	154.9	176.6	
Fscale	62		59		60		56		59		58		59		57		59		55		57		54		61		50		53		
DelFscale	-3		1		-4		3		-1		1		-2		2		-4		2		-3		7		-11		3		
Fnotes	2		11		0		8		11		10		11		9		11		7		9		6		1		2		5		
notes	11		2		9		0		1		5		6		7		8		10		3		4		
quant	4		2		2		1		1		1		1		1		1		1		0		0		
Track 19
Fpeaks	190.4	305.9	186.0	235.8	222.8	287.9	192.5	239.3	203.8	225.2	224.7	247.8	195.2	
Fscale	54		62		54		58		57		61		54		58		55		57		57		59		55		
DelFscale	8		-8		4		-1		4		-7		4		-3		2		0		2		-4		
Fnotes	6		2		6		10		9		1		6		10		7		9		9		11		7		2		5		
notes	6		9		2		7		10		1		5		11		0		3		4		8		
quant	3		3		2		2		2		1		1		1		0		0		0		0		
Track 20
Fpeaks	161.3	302.3	269.1	296.8	202.9	288.6	218.5	247.3	160.6	245.0	240.3	
Fscale	51		62		60		62		55		61		56		59		51		58		58		
DelFscale	11		-2		2		-7		6		-5		3		-8		7		0		
Fnotes	3		2		0		2		7		1		8		11		3		10		10		11		7		2		5		
notes	2		3		7		10		11		0		1		5		8		4		6		9		
quant	3		2		2		2		2		1		1		1		1		0		0		0		
Track 21
Fpeaks	238.5	413.9	393.0	416.1	361.2	361.4	276.7	434.6	283.9	426.2	368.0	394.8	250.3	
Fscale	58		67		67		68		65		65		60		68		61		68		65		67		59		
DelFscale	9		0		1		-3		0		-5		8		-7		7		-3		2		-8		
Fnotes	10		7		7		8		5		5		0		8		1		8		5		7		11		2		5		
notes	5		7		8		0		1		2		10		11		3		4		6		9		
quant	4		3		3		1		1		1		1		1		0		0		0		0		
Track 22
Fpeaks	182.5	304.6	286.8	288.2	263.4	306.4	254.6	328.1	229.8	433.1	269.3	395.7	265.5	
Fscale	53		62		61		61		60		62		59		63		57		68		60		67		60		
DelFscale	9		-1		0		-1		2		-3		4		-6		11		-8		7		-7		
Fnotes	5		2		1		1		0		2		11		3		9		8		0		7		0		2		5		
notes	0		2		1		5		3		7		8		9		11		4		6		10		
quant	3		3		2		2		1		1		1		1		1		0		0		0		
Track 23
Fpeaks	515.7	458.6	468.5	271.0	273.5	252.9	276.7	239.4	283.9	158.4	159.8	
Fscale	71		69		70		60		60		59		60		58		61		51		51		
DelFscale	-2		1		-10		0		-1		1		-2		3		-10		0		
Fnotes	11		9		10		0		0		11		0		10		1		3		3		7		0		2		5		
notes	0		3		10		11		1		2		5		7		9		4		6		8		
quant	4		2		2		2		1		1		1		1		1		0		0		0		
Track 24
Fpeaks	238.0	462.3	395.4	437.3	407.3	430.6	410.2	432.0	400.1	669.6	512.2	543.4	484.7	552.4	269.3	
Fscale	58		69		67		68		67		68		67		68		67		76		71		72		70		72		60		
DelFscale	11		-2		1		-1		1		-1		1		-1		9		-5		1		-2		2		-12		
Fnotes	10		9		7		8		7		8		7		8		7		4		11		0		10		0		0		
notes	7		0		8		10		4		9		11		1		2		3		5		6		
quant	4		3		3		2		1		1		1		0		0		0		0		0		
Track 25
Fpeaks	356.8	188.3	208.0	201.4	355.5	255.2	280.3	257.9	275.6	234.3	289.1	209.8	272.5	
Fscale	65		54		56		55		65		59		61		59		60		58		61		56		60		
DelFscale	-11		2		-1		10		-6		2		-2		1		-2		3		-5		4		
Fnotes	5		6		8		7		5		11		1		11		0		10		1		8		0		0		0		
notes	0		1		5		8		11		6		7		10		2		3		4		9		
quant	4		2		2		2		2		1		1		1		0		0		0		0		
Track 26
Fpeaks	254.4	413.9	330.6	371.0	342.8	600.1	353.6	375.2	371.3	398.7	393.4	428.3	419.9	685.9	289.8	
Fscale	59		67		64		66		64		74		65		66		66		67		67		68		68		76		61		
DelFscale	8		-3		2		-2		10		-9		1		0		1		0		1		0		8		-15		
Fnotes	11		7		4		6		4		2		5		6		6		7		7		8		8		4		1		
notes	4		6		7		8		1		2		5		11		0		3		9		10		
quant	3		3		3		2		1		1		1		1		0		0		0		0		
Track 27
Fpeaks	345.9	284.3	327.8	320.0	352.2	347.8	359.1	340.9	367.1	366.6	380.0	334.2	391.9	217.3	
Fscale	64		61		63		63		65		64		65		64		65		65		66		64		67		56		
DelFscale	-3		2		0		2		-1		1		-1		1		0		1		-2		3		-11		
Fnotes	4		1		3		3		5		4		5		4		5		5		6		4		7		8		1		
notes	4		5		1		3		6		7		8		0		2		9		10		11		
quant	4		4		2		2		1		1		1		0		0		0		0		0		
Track 28
Fpeaks	254.0	275.2	274.0	275.0	255.4	380.4	308.9	369.4	333.5	597.1	541.4	589.0	418.7	568.5	338.0	
Fscale	59		60		60		60		59		66		62		66		64		74		72		74		68		73		64		
DelFscale	1		0		0		-1		7		-4		4		-2		10		-2		2		-6		5		-9		
Fnotes	11		0		0		0		11		6		2		6		4		2		0		2		8		1		4		
notes	0		2		4		6		11		1		8		3		5		7		9		10		
quant	4		3		2		2		2		1		1		0		0		0		0		0		
Track 29
Fpeaks	381.0	313.2	412.3	244.4	266.8	240.9	254.5	245.8	253.2	235.8	
Fscale	66		63		67		58		60		58		59		58		59		58		
DelFscale	-3		4		-9		2		-2		1		-1		1		-1		
Fnotes	6		3		7		10		0		10		11		10		11		10		0		2		8		1		4		
notes	10		0		11		1		2		3		4		6		7		8		5		9		
quant	4		2		2		1		1		1		1		1		1		1		0		0		
Track 30
Fpeaks	104.4	509.0	483.2	513.2	374.9	406.2	382.8	414.6	404.3	422.3	398.4	439.2	413.5	603.4	292.0	
Fscale	44		71		70		71		66		67		66		67		67		68		67		69		67		74		61		
DelFscale	27		-1		1		-5		1		-1		1		0		1		-1		2		-2		7		-13		
Fnotes	8		11		10		11		6		7		6		7		7		8		7		9		7		2		1		
notes	7		6		8		11		1		2		9		10		0		3		4		5		
quant	5		2		2		2		1		1		1		1		0		0		0		0		
Track 31
Fpeaks	266.5	521.6	451.8	473.1	323.0	378.0	341.4	373.3	348.2	374.5	373.7	416.2	330.7	491.9	467.0	
Fscale	60		71		69		70		63		66		64		66		64		66		66		68		64		70		70		
DelFscale	11		-2		1		-7		3		-2		2		-2		2		0		2		-4		6		0		
Fnotes	0		11		9		10		3		6		4		6		4		6		6		8		4		10		10		
notes	6		4		10		0		3		8		9		11		1		2		5		7		
quant	4		3		3		1		1		1		1		1		0		0		0		0		
Track 32
Fpeaks	207.3	399.2	296.0	325.7	260.0	284.1	276.5	413.0	375.5	427.6	292.7	
Fscale	56		67		62		63		59		61		60		67		66		68		61		
DelFscale	11		-5		1		-4		2		-1		7		-1		2		-7		
Fnotes	8		7		2		3		11		1		0		7		6		8		1		8		4		10		10		
notes	8		1		7		10		0		2		3		4		6		11		5		9		
quant	3		2		2		2		1		1		1		1		1		1		0		0		
Track 33
Fpeaks	287.5	228.0	324.3	258.9	331.4	160.1	411.0	398.9	448.6	191.1	
Fscale	61		57		63		59		64		51		67		67		69		54		
DelFscale	-4		6		-4		5		-13		16		0		2		-15		
Fnotes	1		9		3		11		4		3		7		7		9		6		1		8		4		10		10		
notes	1		3		4		7		9		10		6		8		11		0		2		5		
quant	2		2		2		2		2		2		1		1		1		0		0		0		
Track 34
Fpeaks	283.8	259.9	266.6	249.3	321.2	266.9	280.7	233.3	257.2	234.0	236.4	195.7	199.5	
Fscale	61		59		60		59		63		60		61		58		59		58		58		55		55		
DelFscale	-2		1		-1		4		-3		1		-3		1		-1		0		-3		0		
Fnotes	1		11		0		11		3		0		1		10		11		10		10		7		7		10		10		
notes	10		11		0		1		7		3		2		4		5		6		8		9		
quant	5		3		2		2		2		1		0		0		0		0		0		0		
Track 35
Fpeaks	280.4	338.1	261.7	431.0	313.9	417.9	312.7	503.2	457.8	
Fscale	61		64		60		68		63		68		63		71		69		
DelFscale	3		-4		8		-5		5		-5		8		-2		
Fnotes	1		4		0		8		3		8		3		11		9		10		10		7		7		10		10		
notes	10		3		7		8		0		1		4		9		11		2		5		6		
quant	4		2		2		2		1		1		1		1		1		0		0		0		
Track 36
Fpeaks	93.0	484.4	436.7	466.3	373.4	382.6	352.3	443.0	389.4	454.5	385.3	387.7	105.3	
Fscale	42		70		68		70		66		66		65		69		66		69		66		66		44		
DelFscale	28		-2		2		-4		0		-1		4		-3		3		-3		0		-22		
Fnotes	6		10		8		10		6		6		5		9		6		9		6		6		8		10		10		
notes	6		10		8		9		5		0		1		2		3		4		7		11		
quant	6		4		2		2		1		0		0		0		0		0		0		0		
Track 37
Fpeaks	80.7	86.9	86.4	133.1	76.4	93.9	68.2	238.4	149.5	172.0	137.6	142.5	116.5	
Fscale	39		40		40		48		38		42		36		58		50		52		48		49		46		
DelFscale	1		0		8		-10		4		-6		22		-8		2		-4		1		-3		
Fnotes	3		4		4		0		2		6		0		10		2		4		0		1		10		10		10		
notes	10		0		4		2		1		3		6		5		7		8		9		11		
quant	4		3		3		2		1		1		1		0		0		0		0		0		
