Track 1
Fpeaks	144.8	252.3	239.6	250.2	188.1	188.7	186.4	211.0	194.3	218.3	184.2	209.3	189.3	
Fscale	49		59		58		59		54		54		54		56		54		56		54		56		54		
DelFscale	10		-1		1		-5		0		0		2		-2		2		-2		2		-2		
Fnotes	1		11		10		11		6		6		6		8		6		8		6		8		6		
notes	6		8		11		1		10		0		2		3		4		5		7		9		
quant	6		3		2		1		1		0		0		0		0		0		0		0		
melfreq	211.9	346.9	331.7	344.4	268.3	269.0	266.0	297.0	276.1	305.9	263.3	294.8	269.8	
Track 2
Fpeaks	107.9	242.7	225.0	263.7	253.0	255.1	252.5	254.0	221.8	242.6	223.4	257.2	126.1	
Fscale	44		58		57		60		59		59		59		59		57		58		57		59		47		
DelFscale	14		-1		3		-1		0		0		0		-2		1		-1		2		-12		
Fnotes	8		10		9		0		11		11		11		11		9		10		9		11		11		
notes	11		9		10		0		8		1		2		3		4		5		6		7		
quant	6		3		2		1		1		0		0		0		0		0		0		0		
melfreq	161.5	335.5	314.1	360.3	347.7	350.2	347.2	348.9	310.2	335.3	312.1	352.6	186.7	
Track 3
Fpeaks	248.4	215.5	236.1	199.6	222.9	190.8	224.0	192.7	203.5	156.6	223.7	158.2	
Fscale	59		56		58		55		57		54		57		54		55		51		57		51		
DelFscale	-3		2		-3		2		-3		3		-3		1		-4		6		-6		
Fnotes	11		8		10		7		9		6		9		6		7		3		9		3		11		
notes	9		3		6		7		11		8		10		0		1		2		4		5		
quant	3		2		2		2		2		1		1		0		0		0		0		0		
melfreq	342.3	302.4	327.6	282.7	311.5	271.7	312.9	274.1	287.6	227.5	312.6	229.7	
Track 4
Fpeaks	243.9	216.4	231.0	169.4	186.5	183.3	189.4	175.7	200.3	121.1	
Fscale	58		56		57		52		54		53		54		53		55		46		
DelFscale	-2		1		-5		2		-1		1		-1		2		-9		
Fnotes	10		8		9		4		6		5		6		5		7		10		9		3		11		
notes	5		6		9		10		3		4		7		8		11		0		1		2		
quant	2		2		2		2		1		1		1		1		1		0		0		0		
melfreq	336.9	303.5	321.4	244.2	266.2	262.1	269.9	252.4	283.6	179.9	
Track 5
Fpeaks	302.4	210.8	292.8	166.8	222.5	149.8	171.5	127.8	171.2	142.0	199.7	133.7	
Fscale	62		56		61		52		57		50		52		47		52		49		55		48		
DelFscale	-6		5		-9		5		-7		2		-5		5		-3		6		-7		
Fnotes	2		8		1		4		9		2		4		11		4		1		7		0		11		
notes	4		1		2		11		0		7		8		9		3		5		6		10		
quant	3		2		2		2		1		1		1		1		0		0		0		0		
melfreq	404.6	296.7	393.8	240.8	311.1	218.5	246.9	189.1	246.5	208.2	282.9	197.0	
Track 6
Fpeaks	144.5	178.9	154.9	174.4	156.1	231.6	211.6	231.4	214.6	223.1	208.3	251.8	177.8	
Fscale	49		53		50		53		51		57		56		57		56		57		56		59		53		
DelFscale	4		-3		3		-2		6		-1		1		-1		1		-1		3		-6		
Fnotes	1		5		2		5		3		9		8		9		8		9		8		11		5		
notes	5		8		9		1		2		3		11		0		4		6		7		10		
quant	3		3		3		1		1		1		1		0		0		0		0		0		
melfreq	211.5	256.5	225.3	250.7	226.9	322.1	297.6	321.9	301.3	311.8	293.6	346.3	255.0	
Track 7
Fpeaks	235.7	204.8	243.6	238.9	268.9	240.4	244.9	244.8	267.1	167.0	267.3	221.1	262.2	120.0	
Fscale	58		55		58		58		60		58		58		58		60		52		60		57		60		46		
DelFscale	-3		3		0		2		-2		0		0		2		-8		8		-3		3		-14		
Fnotes	10		7		10		10		0		10		10		10		0		4		0		9		0		10		
notes	10		0		4		7		9		1		2		3		5		6		8		11		
quant	7		4		1		1		1		0		0		0		0		0		0		0		
melfreq	327.1	289.2	336.6	330.9	366.3	332.7	338.1	337.9	364.3	241.1	364.5	309.3	358.6	178.3	
Track 8
Fpeaks	304.3	190.8	205.2	162.0	203.4	178.6	196.6	137.0	196.8	175.4	185.2	153.0	154.4	
Fscale	62		54		55		51		55		53		55		48		55		53		54		50		50		
DelFscale	-8		1		-4		4		-2		2		-7		7		-2		1		-4		0		
Fnotes	2		6		7		3		7		5		7		0		7		5		6		2		2		10		
notes	7		2		5		6		0		3		10		1		4		8		9		11		
quant	4		3		2		2		1		1		1		0		0		0		0		0		
melfreq	406.8	271.7	289.7	234.6	287.5	256.1	279.0	201.5	279.2	251.9	264.5	222.8	224.6	
Track 9
Fpeaks	261.9	213.1	261.9	98.6	
Fscale	60		56		60		43		
DelFscale	-4		4		-17		
Fnotes	0		8		0		7		7		5		7		0		7		5		6		2		2		10		
notes	7		0		2		5		6		8		10		1		3		4		9		11		
quant	4		3		2		2		1		1		1		0		0		0		0		0		
melfreq	358.2	299.5	358.2	148.6	
Track 10
Fpeaks	121.4	101.7	117.8	98.4	204.9	198.6	205.7	110.3	122.8	114.9	121.5	113.8	126.8	53.8	
Fscale	46		43		46		43		55		55		55		45		46		45		46		45		47		32		
DelFscale	-3		3		-3		12		0		0		-10		1		-1		1		-1		2		-15		
Fnotes	10		7		10		7		7		7		7		9		10		9		10		9		11		8		
notes	7		10		9		8		11		0		1		2		3		4		5		6		
quant	5		4		3		1		1		0		0		0		0		0		0		0		
melfreq	180.3	152.8	175.3	148.3	289.4	281.5	290.3	165.0	182.1	171.3	180.4	169.8	187.7	83.5	
