Track 1
Fpeaks	99.0	308.3	223.0	279.6	212.9	402.4	206.3	299.0	238.6	246.6	210.1	266.5	111.5	
Fscale	43		62		57		61		56		67		55		62		58		59		56		60		45		
DelFscale	19		-5		4		-5		11		-12		7		-4		1		-3		4		-15		
Fnotes	7		2		9		1		8		7		7		2		10		11		8		0		9		
notes	7		2		8		9		0		1		10		11		3		4		5		6		
quant	3		2		2		2		1		1		1		1		0		0		0		0		
melfreq	149.1	411.3	311.7	378.8	299.3	511.8	291.1	400.9	330.6	340.1	295.8	363.6	166.6	
Track 2
Fpeaks	244.0	286.0	285.5	338.1	244.2	294.9	272.5	294.4	229.6	323.5	247.6	
Fscale	58		61		61		64		58		62		60		62		57		63		59		
DelFscale	3		0		3		-6		4		-2		2		-5		6		-4		
Fnotes	10		1		1		4		10		2		0		2		9		3		11		0		9		
notes	0		1		2		9		10		3		4		11		5		6		7		8		
quant	2		2		2		2		2		1		1		1		0		0		0		0		
melfreq	337.0	386.1	385.5	444.1	337.3	396.2	370.5	395.7	319.7	428.2	341.4	
Track 3
Fpeaks	244.9	194.6	281.8	248.6	271.0	207.8	284.8	269.0	301.4	182.9	247.0	145.6	
Fscale	58		54		61		59		60		56		61		60		62		53		59		49		
DelFscale	-4		7		-2		1		-4		5		-1		2		-9		6		-10		
Fnotes	10		6		1		11		0		8		1		0		2		5		11		1		9		
notes	1		0		11		2		5		6		8		9		10		3		4		7		
quant	3		2		2		1		1		1		1		1		1		0		0		0		
melfreq	338.1	276.4	381.3	342.5	368.8	292.9	384.7	366.5	403.6	261.6	340.6	213.0	
Track 4
Fpeaks	269.2	170.0	348.4	245.2	257.2	251.7	252.9	163.2	218.0	
Fscale	60		52		64		58		59		59		59		51		56		
DelFscale	-8		12		-6		1		0		0		-8		5		
Fnotes	0		4		4		10		11		11		11		3		8		5		11		1		9		
notes	11		4		0		1		3		5		8		9		10		2		6		7		
quant	4		2		1		1		1		1		1		1		1		0		0		0		
melfreq	366.8	245.0	455.2	338.5	352.6	346.2	347.6	236.2	305.6	
Track 5
Fpeaks	110.2	365.7	207.9	277.7	228.3	322.1	208.3	308.3	234.1	286.3	246.5	254.1	132.7	302.6	173.2	
Fscale	45		65		56		61		57		63		56		62		58		61		59		59		48		62		52		
DelFscale	20		-9		5		-4		6		-7		6		-4		3		-2		0		-11		14		-10		
Fnotes	9		5		8		1		9		3		8		2		10		1		11		11		0		2		4		
notes	1		2		8		9		11		0		3		4		5		10		6		7		
quant	2		2		2		2		2		1		1		1		1		1		0		0		
melfreq	164.8	473.7	293.1	376.6	318.1	426.6	293.6	411.3	325.1	386.4	340.0	349.0	195.6	404.9	249.1	
Track 6
Fpeaks	432.1	130.9	212.4	184.8	296.8	235.9	295.4	241.5	262.2	181.9	277.5	139.0	
Fscale	68		48		56		54		62		58		62		58		60		53		61		49		
DelFscale	-20		8		-2		8		-4		4		-4		2		-7		8		-12		
Fnotes	8		0		8		6		2		10		2		10		0		5		1		1		0		2		4		
notes	0		2		1		8		10		4		5		6		3		7		9		11		
quant	3		3		2		2		2		1		1		1		0		0		0		0		
melfreq	541.8	193.1	298.6	264.1	398.3	327.3	396.8	334.1	358.5	260.3	376.3	204.2	
Track 7
Fpeaks	267.4	232.2	262.4	254.1	308.1	190.7	292.7	96.2	
Fscale	60		57		60		59		62		54		61		42		
DelFscale	-3		3		-1		3		-8		7		-19		
Fnotes	0		9		0		11		2		6		1		6		0		5		1		1		0		2		4		
notes	0		1		2		6		4		5		9		11		3		7		8		10		
quant	4		3		2		2		1		1		1		1		0		0		0		0		
melfreq	364.7	322.8	358.8	349.1	411.0	271.5	393.7	145.1	
Track 8
Fpeaks	394.4	209.2	264.4	233.1	331.0	313.5	327.9	304.2	308.9	296.8	323.2	233.8	234.3	
Fscale	67		56		60		58		64		63		63		62		62		62		63		58		58		
DelFscale	-11		4		-2		6		-1		0		-1		0		0		1		-5		0		
Fnotes	7		8		0		10		4		3		3		2		2		2		3		10		10		2		4		
notes	2		3		10		4		0		7		8		1		5		6		9		11		
quant	4		3		3		2		1		1		1		0		0		0		0		0		
melfreq	503.6	294.7	361.2	323.9	436.4	417.1	433.0	406.6	412.0	398.3	427.9	324.7	325.3	
Track 9
Fpeaks	84.0	295.2	202.7	254.2	220.1	246.5	150.0	324.6	258.4	260.0	230.7	290.6	235.1	270.9	94.3	
Fscale	40		62		55		59		57		59		50		63		59		59		57		61		58		60		42		
DelFscale	22		-7		4		-2		2		-9		13		-4		0		-2		4		-3		2		-18		
Fnotes	4		2		7		11		9		11		2		3		11		11		9		1		10		0		6		
notes	11		2		9		0		1		3		4		6		7		10		5		8		
quant	4		2		2		1		1		1		1		1		1		1		0		0		
melfreq	127.7	396.5	286.6	349.2	308.1	340.0	218.8	429.4	354.1	356.0	321.0	391.3	326.4	368.7	142.5	
Track 10
Fpeaks	67.1	364.6	255.5	317.7	152.9	341.4	154.3	208.4	154.9	167.8	156.7	368.2	206.6	
Fscale	36		65		59		63		50		64		50		56		50		52		51		65		55		
DelFscale	29		-6		4		-13		14		-14		6		-6		2		-1		14		-10		
Fnotes	0		5		11		3		2		4		2		8		2		4		3		5		7		0		6		
notes	2		0		3		4		5		6		7		8		11		1		9		10		
quant	3		2		2		2		2		1		1		1		1		0		0		0		
melfreq	103.2	472.5	350.7	421.7	222.6	447.7	224.5	293.8	225.3	242.1	227.6	476.3	291.5	
