Track 1
Fpeaks	254.9	163.8	223.0	200.0	331.0	110.8	182.7	122.1	259.3	179.5	198.5	153.0	153.8	127.1	128.1	
Fscale	59		51		57		55		64		45		53		46		59		53		55		50		50		47		47		
DelFscale	-8		6		-2		9		-19		8		-7		13		-6		2		-5		0		-3		0		
Fnotes	11		3		9		7		4		9		5		10		11		5		7		2		2		11		11		
notes	11		2		5		7		9		3		4		10		0		1		6		8		
quant	4		2		2		2		2		1		1		1		0		0		0		0		
Track 2
Fpeaks	262.4	182.0	218.2	163.3	207.4	167.8	227.0	110.2	313.2	129.8	227.0	103.5	118.6	
Fscale	60		53		56		51		56		52		57		45		63		47		57		44		46		
DelFscale	-7		3		-5		5		-4		5		-12		18		-16		10		-13		2		
Fnotes	0		5		8		3		8		4		9		9		3		11		9		8		10		11		11		
notes	8		9		11		3		0		4		5		10		1		2		6		7		
quant	3		3		3		2		1		1		1		1		0		0		0		0		
Track 3
Fpeaks	337.5	257.4	308.4	295.7	312.2	282.3	392.6	331.5	399.0	385.4	421.9	168.7	
Fscale	64		59		62		62		63		61		67		64		67		66		68		52		
DelFscale	-5		3		0		1		-2		6		-3		3		-1		2		-16		
Fnotes	4		11		2		2		3		1		7		4		7		6		8		4		10		11		11		
notes	4		11		2		7		1		3		6		8		10		0		5		9		
quant	3		3		2		2		1		1		1		1		1		0		0		0		
Track 4
Fpeaks	257.0	431.8	354.3	356.1	306.3	439.2	361.5	365.9	306.6	452.6	429.8	436.9	312.7	
Fscale	59		68		65		65		62		69		65		65		62		69		68		68		63		
DelFscale	9		-3		0		-3		7		-4		0		-3		7		-1		0		-5		
Fnotes	11		8		5		5		2		9		5		5		2		9		8		8		3		11		11		
notes	5		8		11		2		9		3		0		1		4		6		7		10		
quant	4		3		3		2		2		1		0		0		0		0		0		0		
Track 5
Fpeaks	190.0	183.8	411.5	176.6	371.6	225.3	234.2	145.7	332.5	128.1	243.2	160.2	259.2	182.6	186.5	
Fscale	54		53		67		53		66		57		58		49		64		47		58		51		59		53		54		
DelFscale	-1		14		-14		13		-9		1		-9		15		-17		11		-7		8		-6		1		
Fnotes	6		5		7		5		6		9		10		1		4		11		10		3		11		5		6		
notes	5		6		10		11		1		3		4		7		9		0		2		8		
quant	3		3		2		2		1		1		1		1		1		0		0		0		
Track 6
Fpeaks	162.2	209.6	184.6	228.1	160.5	417.1	248.7	293.9	220.4	242.2	164.8	
Fscale	51		56		54		57		51		68		59		62		57		58		52		
DelFscale	5		-2		3		-6		17		-9		3		-5		1		-6		
Fnotes	3		8		6		9		3		8		11		2		9		10		4		3		11		5		6		
notes	3		6		8		9		11		2		4		5		10		0		1		7		
quant	3		2		2		2		2		1		1		1		1		0		0		0		
Track 7
Fpeaks	99.0	209.4	173.4	196.1	193.5	366.0	227.3	279.7	128.1	188.5	154.3	166.1	95.0	195.6	126.4	
Fscale	43		56		52		55		54		65		57		61		47		54		50		52		42		55		47		
DelFscale	13		-4		3		-1		11		-8		4		-14		7		-4		2		-10		13		-8		
Fnotes	7		8		4		7		6		5		9		1		11		6		2		4		6		7		11		
notes	6		7		4		11		1		2		5		8		9		0		3		10		
quant	3		3		2		2		1		1		1		1		1		0		0		0		
Track 8
Fpeaks	79.9	287.3	245.8	325.6	258.7	283.6	268.3	277.2	272.3	278.5	266.9	285.2	257.7	302.2	128.1	
Fscale	39		61		58		63		59		61		60		61		60		61		60		61		59		62		47		
DelFscale	22		-3		5		-4		2		-1		1		-1		1		-1		1		-2		3		-15		
Fnotes	3		1		10		3		11		1		0		1		0		1		0		1		11		2		11		
notes	1		0		11		3		2		10		4		5		6		7		8		9		
quant	5		3		3		2		1		1		0		0		0		0		0		0		
Track 9
Fpeaks	214.0	155.6	193.5	187.3	197.6	149.5	166.9	166.1	167.0	158.7	163.6	136.0	139.0	
Fscale	56		51		54		54		55		50		52		52		52		51		51		48		49		
DelFscale	-5		3		0		1		-5		2		0		0		-1		0		-3		1		
Fnotes	8		3		6		6		7		2		4		4		4		3		3		0		1		2		11		
notes	3		4		2		6		0		1		7		8		11		5		9		10		
quant	3		3		2		2		1		1		1		1		1		0		0		0		
Track 10
Fpeaks	499.6	369.4	370.4	350.4	431.5	383.4	435.2	418.9	445.2	235.2	238.3	104.6	
Fscale	71		66		66		65		68		66		68		68		69		58		58		44		
DelFscale	-5		0		-1		3		-2		2		0		1		-11		0		-14		
Fnotes	11		6		6		5		8		6		8		8		9		10		10		8		1		2		11		
notes	8		6		10		11		1		2		5		9		0		3		4		7		
quant	4		3		2		2		1		1		1		1		0		0		0		0		
Track 11
Fpeaks	307.4	153.6	281.4	225.0	225.2	180.3	204.2	193.0	203.4	199.3	205.2	154.7	
Fscale	62		50		61		57		57		53		55		54		55		55		55		50		
DelFscale	-12		11		-4		0		-4		2		-1		1		0		0		-5		
Fnotes	2		2		1		9		9		5		7		6		7		7		7		2		1		2		11		
notes	2		7		1		9		5		6		11		0		3		4		8		10		
quant	4		4		2		2		1		1		1		0		0		0		0		0		
Track 12
Fpeaks	341.0	280.9	307.4	189.8	198.2	138.6	228.9	199.7	309.2	116.6	125.1	116.3	161.4	
Fscale	64		61		62		54		55		49		57		55		62		46		47		46		51		
DelFscale	-3		1		-8		1		-6		8		-2		7		-16		1		-1		5		
Fnotes	4		1		2		6		7		1		9		7		2		10		11		10		3		2		11		
notes	2		1		7		10		11		3		4		6		9		0		5		8		
quant	3		2		2		2		2		1		1		1		1		0		0		0		
Track 13
Fpeaks	363.2	311.3	348.0	211.5	384.2	379.5	458.9	240.5	290.8	132.8	
Fscale	65		63		64		56		66		66		69		58		61		48		
DelFscale	-2		1		-8		10		0		3		-11		3		-13		
Fnotes	5		3		4		8		6		6		9		10		1		0		11		10		3		2		11		
notes	3		6		10		11		0		1		2		4		5		8		9		7		
quant	2		2		2		2		1		1		1		1		1		1		1		0		
